0,28,686441525,1391213682,1561439951,1130782486
1,39,1678418526,1641603940,1831942446,1460457055
2,11,4022173117,336159154,1637331551,833834315
3,23,2819677093,781309457,1377245765,1083658922
4,32,2401530651,906877191,2041987750,494194597
5,12,2988243274,774873700,701776475,1521141323
6,3,478168918,381167026,964739630,1025884348
7,39,1570198172,1226905273,1062125033,539489696
8,11,3582236023,1784877663,1865871329,1325860070
9,5,829993470,421443833,1981209409,444759271
10,11,547450770,1473224590,1825852245,793993189
11,39,1528320776,2096069395,503027028,1872244692
12,29,1605091337,213276981,1474639051,1114644461
13,32,2802771767,807889828,1469157609,1468757189
14,5,1240388383,344495251,371428373,668892230
15,28,632665093,1702662167,1283405119,452866819
16,39,1469806516,367191208,51148305,1855530251
17,23,768126931,1654045225,297615163,1663818485
18,42,467810019,1503357166,1791886786,197473212
19,39,592071374,330664206,360567819,123361795
20,3,3622480696,1509353301,1436860357,346677751
21,11,369643523,285793705,1582649233,1306509658
22,28,3420539413,684739460,680210003,16802791
23,5,1798177303,1731654894,729667428,146193553
24,32,878194833,212783805,166465303,1998044121
25,12,2884627899,734979512,707314519,888685884
26,23,2491361349,454956980,1238250118,704933717
27,29,3147047503,1761579524,927986159,1734304031
28,23,846830659,2061180244,1316425536,1193591349
29,32,840445992,1518401356,1903179489,1359485637
30,11,3646743884,1222721783,1483194273,1390296616
31,3,4203421552,1394636472,71891729,512575204
32,11,3203036434,1523416158,1101077997,280626984
33,28,184520021,1529363328,782818306,1867940545
34,23,3583570687,1077128903,1274402673,1102958089
35,32,4240871060,1324448121,2064506274,639438719
36,5,3315914649,1059985159,929327748,70106110
37,23,4050740912,1745543997,464438049,1666663060
38,32,1387118512,1808280708,942287380,1955872812
39,23,3253652743,998125294,1144294145,1853438566
40,32,2079623812,1651327657,392938628,142467991
41,29,1321136746,2016996128,789083516,552880414
42,29,2415258099,1737182407,1870382039,1066636958
43,23,3273915285,1231365957,1082592323,1118645012
44,42,4210344086,1135824662,1477153565,540433725
45,32,1633300619,797137519,641016010,980931867
46,23,815974508,220005640,105549085,1598433521
47,32,2775550621,62084896,2123128618,823045985
48,23,1662047227,1531654988,1303346892,617758151
49,39,2957348832,872275790,685824574,437366567
50,11,806844506,1008290345,1526827876,1335862443
51,42,516486078,245145834,247005948,1981181782
52,12,632369018,1206838641,750502136,1660251547
53,28,3404357675,2011855274,830360804,1776983864
54,28,3230544711,1420236936,170582065,725137276
55,28,2716978302,879169604,711767321,1046316590
56,42,3352768714,278095597,1527060601,1796735938
57,39,2995163953,886157545,486009533,1727062441
58,3,1321523182,1690945401,1659756105,500271685
59,5,894325229,1013489081,854969721,1556608127
60,39,3866405088,190336431,1304873860,594003957
61,5,1799540506,207167292,1286448005,1656427555
62,23,170843336,1748191353,727362725,92864027
63,39,2423383285,1309160288,461957975,1595733816
64,29,1113367730,1867206333,1191318440,34337382
65,39,1336613242,1981952094,146944777,1783255469
66,42,2500131499,896369776,1077151418,2037246429
67,39,269510083,235255688,2049994794,483468650
68,32,1231483610,103308379,1683312772,314183154
69,32,189928213,1625236599,946134420,1839567364
70,42,3881847138,765507657,677045198,559035989
71,12,1111159744,509155249,1050772487,425055266
72,39,374544600,1794841850,1303149174,1344953816
73,29,3465429650,214409641,321508335,2037793341
74,11,2079320349,749695498,1602321723,2128163661
75,3,3719253571,1195144852,941756944,797763337
76,42,3730176818,725524482,1612614983,1042132949
77,3,2130180137,1490996703,1729182451,545212981
78,11,596875344,1453831588,1527408954,1798157891
79,39,1001697117,80071388,776467760,1021827973
80,28,1884526396,1662794797,736229592,259306771
81,29,1941638781,1213468097,1613225456,392577846
82,3,930290450,546051076,2139024222,498627039
83,42,3885453614,584276759,1959746188,1142893593
84,12,2810789136,1795906492,2039365193,1945365757
85,39,805657471,1812078910,563336666,1844673168
86,42,524237481,1156766220,1536415272,62313708
87,23,4042499756,661886384,1126117306,574821293
88,3,3719591998,2079809558,401402039,360764142
89,23,1600131470,641152839,286370658,1295951679
90,29,521786414,2069524621,2063733538,1008265260
91,12,4283401761,123675464,2042182673,39252840
92,5,2388658722,939907398,2047772272,508082962
93,42,4051433857,1366570014,545687149,1523997823
94,12,2305164280,1185249911,1808556815,1301454107
95,28,2289105405,620221857,129437947,1447809537
96,23,4204787852,2018744274,1891766033,595409846
97,28,1991564232,17048326,1790136312,1925069009
98,11,2107139452,1480666354,468186011,58641614
99,29,1013659934,70295552,311310245,440045187
100,39,1318233188,825680390,805850859,675603081
101,39,3642670694,1253229171,494880316,714113648
102,42,645581256,1259986521,501381009,2064676941
103,11,2532401980,2041758750,335292259,1563766008
104,5,275223707,1954158668,977896060,166578065
105,29,1976626241,186883509,1437854083,1724964573
106,5,2334534288,1346037973,1512478752,2100682080
107,42,816632430,1515905027,752770529,1295055166
108,32,1631955443,1563031175,917513213,1806056599
109,29,2055793519,738816667,1167946028,1938809486
110,29,1412141213,732402187,1135262333,358289569
111,29,2354167144,1979843215,1262638376,1533480586
112,11,18969348,56259607,296551113,1640267740
113,23,3485546949,416513154,1026236275,885571744
114,39,2976990380,1315004443,1401908310,1036794563
115,28,1289032763,411984581,1825318054,1914654926
116,3,2399628875,471251759,786073725,1601354296
117,5,2249443070,83277773,1072767423,971047983
118,32,1620747818,781101062,1191900262,1130159277
119,28,1222377195,146567953,375151264,393451684
120,3,428519162,816024108,1925308568,1798573942
121,29,913478691,2123529356,1112943739,657558034
122,32,3470715150,1299805512,745990759,954408022
123,42,2279315826,1627552563,523186810,1004661049
124,39,308715133,1307460977,856156747,1710465083
125,28,3472646768,532961136,1351906293,13816036
126,29,702663656,1055224522,773872693,905092553
127,11,581967731,1783084130,289287201,1658399796
128,23,876990661,2056214847,319367698,943442716
129,5,211586364,1046166467,1962268149,180768211
130,28,2472522835,295892796,1705547477,759987161
131,3,807518310,1678001319,2044005220,72105778
132,28,1307304321,165327410,969183583,502010487
133,23,3704981028,631481076,126257613,1811319269
134,23,3119319000,17554841,2116772977,1984873813
135,12,2211017956,1241820378,716569102,926043816
136,29,1540630323,407660049,1043747153,329131225
137,28,511907574,847200468,1483224039,844748543
138,32,3416078058,2142672212,1291703396,532050372
139,28,108958053,224564236,2122998421,2025217004
140,23,1531512711,1815047732,822827888,105542901
141,42,1554050293,735932023,14106265,1863545130
142,5,3355816280,1595932810,1268324733,381899215
143,28,1132833820,931638962,970466557,208054915
144,23,1455398734,304637443,1780828756,1630264330
145,3,996820706,1119939270,754790733,648081897
146,3,4100027315,1791403912,789497161,1181784510
147,23,643434196,395597985,43570527,1007493950
148,32,987572166,351442988,1815803112,714761057
149,42,2600631087,16724352,470090336,1342249779
150,5,3593756726,658864926,315610811,1320966925
151,12,1139908389,1760766757,469584019,1635591882
152,23,903422291,529632797,1802777203,2118385943
153,11,2197906537,1791076114,1522494617,853181707
154,5,615327780,208049847,131085645,568227158
155,23,3446389084,750323379,1774241755,1680983782
156,29,71993605,1453072798,1382932814,1899451178
157,28,1315453474,1892084366,637634539,1105779574
158,28,692712146,949979277,968133868,2018346320
159,42,1514545601,1226169692,576902238,1870408222
160,11,3852093659,2068182815,2052509217,270626103
161,42,2915202069,935174433,899714019,411557473
162,3,1754175423,878516137,1566359755,383791867
163,23,2797474490,967063592,1132138688,500340006
164,23,2584011445,1662525432,1665380847,645627131
165,39,1706504047,228369519,167666336,1719175221
166,23,3105677878,5152896,753714516,59921952
167,11,2774483556,1666830989,1225587710,2050043026
168,23,401882673,1759387322,2094887147,693832184
169,39,591147932,1307541624,455603564,2097968187
170,28,3618688546,722676337,1523144381,312394839
171,11,1266346616,1602310292,1972125017,715007581
172,39,2867422450,260129908,1621353672,1842039000
173,3,3657863931,1815053665,2037268067,1666555203
174,28,4117403696,1904462982,264850024,406801747
175,28,3043478471,1020816981,179688720,1286841723
176,12,3504193736,1508470652,235066251,1138357238
177,29,1402473745,1861047913,1228746263,1609728550
178,39,1951612521,1778787804,362640999,193837149
179,29,1213819979,801663951,58145334,944521233
180,39,2170481853,1101370961,636212032,2069217508
181,28,2768575670,196331621,95602165,1360548494
182,42,3515326223,869112301,889752581,136925025
183,29,2604818410,410937533,1110698521,1823175639
184,11,887669196,1008421837,650663244,664796178
185,23,1965004406,374329837,874720641,778490983
186,32,1501105658,823644461,1846370604,2114760703
187,5,3798860964,857898180,454981346,119106159
188,32,3544790990,724030294,2033626180,529342473
189,39,4286040119,706167075,425464570,2005045984
190,23,1104162163,1357767874,98216982,738119305
191,28,334420512,300277729,52833330,53665427
192,39,2225549240,72916670,217420703,1048512836
193,5,1079484287,931661882,158198299,1623784645
194,5,5206977,1321597826,772611356,64100902
195,3,4072304523,455853607,47158270,767723484
196,12,148642078,1286133413,1251910358,2117578205
197,11,2619692878,1306806657,33958099,1314888153
198,5,2221895359,278634324,1241241363,253084450
199,32,2319871671,124741977,941833945,1808566607
200,28,2945284815,460991895,1322467929,255698394
201,11,1099325100,870371506,1705397794,1602085653
202,39,2515178600,1511548998,716000112,1339159145
203,5,3516833171,897651818,1903611227,864684076
204,28,3162155274,2144147393,1415367458,1779469346
205,12,3142306087,338401707,1889056299,1997241790
206,5,3572978993,300388050,957355872,24198049
207,23,1122526625,1889209901,788929430,431797894
208,29,1271191208,155085078,181050309,686543482
209,5,940099483,2083041643,1182866254,851092405
210,29,4172854158,201652364,1459004271,1304475631
211,39,4090505884,1123586623,833996141,241834865
212,28,2531962408,580043992,740265537,698028600
213,11,2132490865,962228604,1337283269,1143387539
214,32,2351636140,1742475215,1427293644,307322336
215,12,442921753,1484665445,1418601009,293669394
216,39,2974034253,1516601462,1827104736,791108580
217,39,2740562488,427690837,1207113531,677648100
218,29,2117628911,649690726,968294101,1726509677
219,39,1649473684,548866512,37812537,294978267
220,3,4073952640,954543096,1184827355,1502338183
221,3,68995564,1031066385,1704061935,923531501
222,29,564152439,1601473928,1449677920,74673021
223,42,3374704368,282387227,401355092,1295657984
224,3,2252103717,1617517303,1619306933,501970664
225,5,1458429228,1261476384,1270543948,1889736041
226,5,3563743387,1605560242,457169664,1952593491
227,5,1666112580,811965758,1354972099,358937924
228,5,1857134901,1578546610,1490708542,910609620
229,5,2087898419,595752281,1347100852,301223597
230,42,1558642698,114400064,1017602537,1633826083
231,32,558702294,741797779,1567588814,60240602
232,5,1010910015,204639649,64631698,2045433428
233,29,3325888333,1265354110,417880217,611822649
234,5,2058995586,404643706,834476404,1290406045
235,11,3557223717,966377440,1939019586,1129034200
236,28,3724543396,474122550,710196738,1766887071
237,5,3399402123,2035707952,1579990956,1825417623
238,3,3127769495,842019330,1654635015,1306562644
239,3,521328459,100820338,443871605,1492850264
240,28,3359700428,1719511246,547649608,1459192839
241,3,3746280371,847107363,2146780823,900536677
242,11,3325130938,1084621082,178878583,693284186
243,42,3190617398,1692630389,1784229095,1679298366
244,29,1108670296,1072355956,1487433825,1362220255
245,28,927771087,465149347,1853096380,1826076925
246,5,2565315394,1510878532,1232422604,1294966336
247,12,1861438336,337148514,1062061768,362849748
248,12,670010654,164929803,1270004669,59421608
249,5,922700572,1809888789,960515689,2111690015
250,39,2872188350,968759248,640878717,1153520502
251,3,4007128259,1237333516,716512875,450691386
252,12,1516148115,1088128832,1274866478,1845229723
253,12,1672235953,816298824,544151815,199843403
254,12,2880768939,321402797,158526280,1869168148
255,39,217579892,20494095,2006726182,106857964
256,5,862487250,675603983,207378785,1941224136
257,3,2421243998,1997508283,98157079,212432490
258,42,3139985281,1457232054,1789584940,676417637
259,32,450153037,34877033,1622968634,1877749001
260,42,3215311930,1032351176,980890467,1779932634
261,12,1513855389,1341598687,1110581778,563427310
262,29,577323483,452761160,479601574,1211212190
263,28,2460227175,549044986,1187547283,947831820
264,12,492044640,1405946283,382030432,595726628
265,11,1645188929,925720408,570793829,57971060
266,29,3149233356,827574921,2056712589,1996294736
267,12,553363607,1748326064,1461328178,1854182686
268,23,4121481762,13464823,139816751,32298362
269,3,1549381473,1499862922,359753710,1371562803
270,39,1647639999,357935951,225001630,1700016839
271,42,1436525125,380437624,1563691274,579633486
272,3,2814138748,128266365,1148176,476524942
273,28,3126410430,1799367107,972714221,1439604671
274,29,2049181665,992621735,406898990,521558788
275,12,4261241008,435467459,2037406345,1422407028
276,11,1441918518,1682356116,635956170,842081499
277,5,446080542,913297342,714094812,1632183664
278,11,1402102158,1579549340,362359761,967685478
279,28,570349294,785651638,707204360,2141747775
280,5,1458302775,1307335012,1704302021,813293441
281,5,2646761320,1065033797,1570896341,305681907
282,11,2075760401,209833298,1748098855,271056879
283,3,3576940260,726875625,534713552,594111154
284,3,2850232395,1708060610,1218450325,955537698
285,3,2283874397,931199410,605225503,15130589
286,29,703026631,1541845566,1002323969,1953512970
287,29,2736848095,949299017,256886596,15735586
288,32,1155763339,2094275240,1969721891,1977473581
289,12,4254699686,590562112,238070898,1589171072
290,11,3095285216,2047620937,1675340287,1399692670
291,5,2535875151,665645084,106927223,1592210418
292,11,1844769621,2105473222,79294663,1963031349
293,28,4095021208,1810793805,858162613,159759915
294,5,1699597074,1593781982,1501325720,276499911
295,11,3069249126,1055948907,553289289,250974197
296,39,1308873409,1095973439,742307737,1876264088
297,3,2887866458,1243935525,1543039200,2120815350
298,11,2759918586,882330403,303517040,44374186
299,32,3704817142,917803888,2012263730,537915429
300,32,2037866290,1140932546,1224126264,392748753
301,42,753364542,395802963,643771755,2030819096
302,5,573443916,969744742,1803167225,108312807
303,11,1748623741,729385657,69722076,2081897010
304,28,3538177029,1760471786,1971501308,1993779282
305,23,771252171,1772509247,269159342,1251251912
306,3,2241142563,1125930512,1716699633,727564958
307,32,1764767855,244569414,634273232,565176855
308,12,558104096,1318381456,1591779717,1078393975
309,23,1389248105,727326047,1296448162,226129939
310,32,1006309343,897256249,482564349,596943196
311,11,2135413822,1475390346,705053272,1315810532
312,5,1524745901,1781193998,2140289296,1209240322
313,28,500364808,1846541526,1904535155,1117462316
314,12,3484090422,701285385,101772376,1155363666
315,29,2371195594,836195368,2128731442,750663016
316,32,67107925,1598414078,1237058838,2065502734
317,11,2402035330,2023389619,740375969,1863708096
318,39,3761906629,529637597,545599360,338946591
319,29,341098886,1843133122,1994212753,2026638595
320,28,1320255706,2142471512,1339162907,359733855
321,3,3799960640,2116506840,661126296,329890966
322,39,1260346014,1446583932,231300689,1349567001
323,23,3740907330,1799382076,1012143489,79552559
324,32,2598057489,322223228,474741691,1692508347
325,28,851793554,1337680980,1540688141,630629999
326,12,3942862257,1835474762,477401231,1460001252
327,23,137022489,83115156,1071201361,900822726
328,29,2573194461,1592059006,953836977,751070337
329,42,3989865346,1011558616,2069213948,414087443
330,42,2725711070,1604658581,847918536,1843275888
331,11,2553322223,1665919868,1824860368,1015930749
332,28,12596764,1491549763,1160293688,1257162004
333,39,3003813975,482877107,825428640,1884942878
334,28,342896143,511946407,141039677,1989385370
335,28,550305482,1810373623,1819667398,1711755164
336,23,2573730280,2020129779,1710121586,538480418
337,5,3486143296,54169587,854839802,340407529
338,12,128201404,1771064535,2008492038,1140542696
339,39,3451196289,1079347981,1800117250,1124835440
340,23,245233256,447549898,779002886,683950562
341,32,3939228466,927203325,325913073,1760850768
342,32,2856167083,659956168,1341901689,315067420
343,32,1418111910,818828417,710652764,736996041
344,11,2159259570,468231892,290078744,379150814
345,42,44151172,1201248937,138045404,1885330732
346,28,1248626150,967584408,1083879164,782895243
347,32,1230941424,693267808,733716812,381359709
348,3,1650379127,1002361765,384368183,1572948886
349,5,3439805752,1507341068,1278270717,1706390120
350,28,1013440810,2056344517,895238771,1554248242
351,39,2167371382,188590239,476345210,69463652
352,11,1175662503,1841855901,1051774759,1507467348
353,29,2696263968,1377444122,809882904,1037704313
354,5,2325179606,257573485,525847189,1570745243
355,12,4190710379,1269502760,467342077,1256515621
356,39,3732457616,1539090567,493547671,1369505836
357,39,3365352171,1815812102,834218271,645796012
358,39,321235232,1487665065,2021967838,117258224
359,12,2305866730,1005338932,363419997,622149093
360,28,2788007206,1857344047,1970861956,1492400667
361,11,3105670011,999180724,539464475,545344217
362,28,887665617,970054747,1746072986,1293241281
363,12,3710776313,537120580,925249845,590901524
364,29,3830863231,1919907828,1821162583,773406410
365,39,648331250,809876119,267656885,595008185
366,12,1273933282,941064876,1048330170,974482419
367,5,3295859645,1288849506,766051199,1313288423
368,42,2597155893,1394581649,1678603431,317818720
369,32,3659939784,47938581,600766007,1921288942
370,3,1495656605,673341049,549227957,1705809261
371,12,2553639641,983216034,1283906776,2033732691
372,5,4283023528,493292608,2145706573,1759315947
373,29,3499309494,734263181,1006943617,1731720613
374,42,1615334181,1921844319,1778120385,1240533681
375,3,4194239845,534429277,1001332175,1247262689
376,42,1474969042,434983501,1807519192,1596200176
377,28,1063945487,1208718517,1795549892,1644814801
378,23,394899792,1377557041,754809476,151974113
379,12,213485802,143274279,2004435982,241394506
380,42,1621595690,2096377124,613591372,1858945143
381,12,1317017620,1493555859,20956500,1377486217
382,23,1457525122,543375428,1648015829,868529264
383,39,265019203,2021520521,681096081,1753945322
384,12,3995376911,2026647078,881772658,1154419222
385,29,320953526,88495482,1296425631,1456628198
386,42,2282997963,1585633946,1865206568,908405260
387,3,756843235,708469767,1283368450,2138483557
388,32,1197848197,1383951616,832842145,1142300952
389,23,434718395,1624639821,28589695,1623697554
390,32,1140939979,1543114516,1508320649,1762025734
391,23,3400388903,1232055336,1736335472,1505567756
392,12,1367627799,945028697,1393475726,408931335
393,39,1156570566,1332683484,440337981,977304054
394,28,1589061076,259193653,1764766080,1392697931
395,32,1680445094,1405942195,1036190397,508107414
396,28,1793277235,1719715555,1059260719,964928894
397,29,4011574372,1155555267,1413750728,234129066
398,12,185121280,1855584138,1492542400,1464852069
399,5,3699077708,110359513,174749629,2113185920
400,32,1724246168,692098762,1428827782,1975635567
401,32,2341308152,157026565,1070013065,1339448274
402,42,603079528,827563991,1265977080,1096403610
403,39,855075956,1860218531,6796650,66249887
404,28,3676315204,1800587292,1148546274,125504774
405,5,2278284471,241627700,1618786793,13876368
406,39,2057160273,1360667671,1960485590,468173586
407,32,1417001698,1212264803,1301631014,2091972822
408,12,2260674689,241448235,265074070,1328065638
409,12,3187077686,2113165120,568128543,718281788
410,39,4230291795,738986243,1415262203,410021051
411,32,288644600,1927401747,1887968069,1417949497
412,29,1143832180,1720887311,1791107034,379569025
413,23,1335494683,1820250218,300253229,939792313
414,3,2457159807,918000126,1045291986,836214250
415,3,625017813,2096029511,162698587,135983448
416,3,4169758632,915137285,1639364666,208366918
417,11,1769700496,736628785,468752889,855226680
418,39,2262908657,400895810,1835250907,1771255995
419,5,983922591,2143148086,2106154976,824692535
420,23,2285854146,485107094,758172617,2101650886
421,11,651456588,780245025,1515418291,1690462990
422,12,1837629180,956128289,1592337184,1102130063
423,28,666324956,1879922007,587110399,93724260
424,5,1229778830,81903838,1197537527,1813383921
425,12,3728270344,805114529,1428581342,419598714
426,28,2942889624,261055980,147010232,401978271
427,32,704412426,827716752,1197489018,77766886
428,23,4237625130,1894693803,1107375887,1738761575
429,29,3911581881,871027910,2112681153,2062362426
430,32,1008357179,1722132455,745324690,1225375896
431,23,1675062872,230448251,526232024,1391418163
432,11,290746031,1608587473,1342502603,717380576
433,32,3821281358,292019225,1328338289,409619653
434,5,362228267,2002906352,1606507199,2071452056
435,32,1470811185,2050636419,154260721,1514890548
436,28,2404946178,515405226,794875194,1004872722
437,23,197442089,1278138004,1318396356,190723691
438,11,4244808646,1977202592,1146795057,2097329645
439,12,1301588875,1456029330,113996165,2062806319
440,32,1820410897,354195557,4483339,1174003632
441,5,2687437252,1884527561,1444805798,190528185
442,5,2297535680,1691348152,1233985013,1009855319
443,11,6177898,1284359128,1794419466,241210906
444,12,488391606,1345860066,1467490093,2077577114
445,11,3201798284,549519388,1274479209,1540740350
446,23,890955704,416618137,724433542,1779426179
447,32,383922052,420573969,1727753399,458536815
448,32,762286521,1994032172,1023642428,1058597561
449,32,1833609175,394637968,1843607258,1998511437
450,42,1274379918,1881917506,491676574,427477210
451,32,3358481495,1106153482,1385664136,923636975
452,42,3414565500,1657849828,1208927382,1036873219
453,3,2346103710,1782530032,1160541502,1474071603
454,11,4190393274,51892583,242939499,601419534
455,42,822595297,1434056391,587325115,1648985629
456,42,1899621989,1884165459,1889723665,1034221273
457,28,3700696766,1316212522,345282444,87375159
458,11,2163010388,1967367812,1858209113,1738080760
459,28,2194919682,506607356,2143167497,515403681
460,39,3919091872,281912775,354689533,626844032
461,12,1876929124,1319735693,1055869813,2060185385
462,29,4164706927,810949003,597285789,616792906
463,3,1416931156,2010382207,173183586,939715904
464,32,3703189561,1368039550,318634285,1835084016
465,29,3237338017,949322316,1214762093,1219404192
466,11,347642642,330598464,450551593,725232373
467,3,3942142896,568759855,189818998,1192237994
468,28,3371643028,262045381,1855735979,741568334
469,29,1615507612,44803554,254821373,1481513731
470,39,3355804921,2000354842,1451804873,1840562697
471,3,4051750214,1003121020,15958900,1894667032
472,32,2585262662,24066768,392601059,1110851754
473,32,1266033051,1742438449,561834859,1511406185
474,3,4239181221,784039190,800676582,1878436382
475,3,2553285126,623692353,1533877281,1184310375
476,32,2893927176,2107886770,1213179478,1396903089
477,5,836773221,859012035,1010297123,938278384
478,32,885515359,1731092482,115430286,1078550788
479,39,996946683,1072581470,1353397000,836598527
480,39,2881147866,876257461,653029974,968243567
481,29,243421303,1606933754,259114226,157837276
482,12,1988444613,570961124,46161204,1285412397
483,12,2506306467,786577018,2095370742,1018716248
484,5,3779689277,78282387,1472396160,364956751
485,28,1740239245,615882873,304967160,187227202
486,3,649201676,1719710014,334876050,1357613806
487,5,2508389597,405561967,977974815,1695329778
488,32,4054738923,1718834925,1379904695,658633635
489,11,823746333,1106408471,602360141,1463221203
490,5,3153615756,135325755,326533284,1618385412
491,39,1397291351,1982705394,371263005,306602835
492,5,1154705187,51852638,1376915567,1629656403
493,39,3110965634,1508123283,1810759813,1484361875
494,23,1054829837,852504960,83717334,1807346032
495,39,3219743090,350113899,214018492,1742122494
496,32,1553757709,2084669522,525164947,659639215
497,28,820095207,604786539,1582131049,51679594
498,11,3354767749,170242449,1394240957,857305454
499,12,279157956,1148138693,761591428,1627450303
500,28,1603340506,680487488,776972290,347040059
501,39,3946394641,1533973033,602507078,1379942034
502,5,1956353382,619412767,1011356941,1120246052
503,12,3662618422,1215689475,199766292,446033467
504,28,2949777388,117956187,361606190,85464908
505,11,1059077995,1608763309,1150198281,1563507309
506,23,648034343,1004349751,2032370881,1260009692
507,3,3047740902,538148877,319403191,1983549848
508,29,3063546595,825694461,1253621179,1808375204
509,12,4089189450,1760061611,212146790,1906093511
510,23,1938943771,289108512,991035922,2051377707
511,29,2112569780,1379828243,132031856,1412002686
512,11,1247741573,862572779,1237628778,205337813
513,42,3333110659,820472295,1595208706,1979622791
514,42,1038363532,1089933713,170220462,1746506945
515,11,2138756445,1067163609,685384623,1836212570
516,11,776954722,2021119466,54450487,1434467960
517,39,1284306416,542548482,286832977,1258307464
518,12,2843824855,1088756717,402122778,958890900
519,12,3431216740,78963806,1393327096,900136057
520,32,3675814868,367834581,691944991,1358157852
521,29,2209898321,776623554,319035143,1912079044
522,28,2386968390,319064797,355496396,2086089501
523,39,956122717,1109714433,501800773,561789356
524,23,3159172754,684681774,604244505,2110143014
525,32,969853504,2120142333,261132463,761025350
526,5,1498114596,713910179,578731144,182293945
527,28,2317626592,862838823,1109658609,68749274
528,29,2569699144,951795105,385495539,977215375
529,23,3295879430,1805837725,380494648,1467776229
530,5,1910787699,1558054850,2047815075,1804498041
531,28,3892005035,643326696,794871825,1786978927
532,32,3377000221,280925522,1185835531,1780553869
533,5,1657186762,85061927,254351774,1567860390
534,32,3289973486,1600616609,393399862,1427717713
535,3,1935369962,958367573,1007165045,109444333
536,12,3829706210,379497545,1856042445,577880007
537,12,3677666065,659435009,2013328950,714949830
538,12,3292112164,604334410,239476186,125371021
539,12,241294151,1543802034,385309866,1249200309
540,28,352510295,748305387,1048280329,1927221187
541,3,2861721341,807536163,1137531691,1827689234
542,29,335164788,60482366,678600802,2146993496
543,42,253501481,2006827218,924063742,664343132
544,23,1841902922,2115374679,2086746975,907628063
545,29,228254761,1773264122,701976371,503482059
546,11,2242737495,1366614881,1647824164,1108769853
547,3,832203566,2133076844,1647242648,959766102
548,23,2811292065,481700980,285284209,1540113917
549,5,1102571633,305324820,342452417,2044960281
550,39,4248852277,912347559,914141055,83352286
551,32,1413836276,1750132178,1603326533,472457695
552,32,1933349432,1631474339,21710613,1124039339
553,5,250992036,26049472,1337007816,1793118274
554,42,79389829,1888289056,1692805418,959530474
555,32,339100879,198459411,362373879,208661517
556,5,3921475918,1942250894,29007027,15173487
557,5,2255265149,58344323,144344049,2062682386
558,11,1037400473,1567404586,842217842,512249965
559,23,1787350939,2037223611,2081033500,1072875125
560,11,1383938390,1079250081,2115162486,1256893152
561,28,3836256552,94169655,1936181111,1136437860
562,28,910245801,1931705170,377832543,757802663
563,11,3307784950,1619365103,1026498635,1714181650
564,28,1573114891,172622258,1422699711,265515682
565,12,3419869667,376096181,393081727,815546231
566,39,3170529052,407804082,1792456503,290984759
567,12,3076088775,1507647429,262261266,1466070573
568,5,3671595096,836220086,1724021273,968045376
569,23,3455098372,651361898,1009020766,1072245692
570,23,2500333344,1815059280,2039442545,1643204828
571,5,3851796715,205293466,1740052338,1935788213
572,23,2634345557,1966629078,1362346417,545427533
573,3,4271836058,982761216,931268631,1222283115
574,28,4148178965,1203834370,920425791,1012116342
575,3,260309591,1408253909,1136143088,120806864
576,39,2785105440,839540872,694076232,733798327
577,32,3668485277,1311963785,231764030,1209843358
578,28,1664610311,1062043500,141327116,169453833
579,32,3627405447,284491993,1085094517,602277081
580,28,486427605,414557301,71587751,75695933
581,32,4058682741,1973071733,1002030633,2044084759
582,11,745049213,813224070,1414910607,1195152589
583,11,318126578,1245902545,206949054,735562932
584,28,3693584051,565498222,2035079315,1730269702
585,32,276237088,733300272,1229654913,1981356492
586,12,1845569186,1922849699,984208756,2006018148
587,5,2026087226,243743352,1844823033,115153809
588,5,1479044224,751528573,624642789,580990007
589,42,3257108535,1527643245,1186394773,265208421
590,42,3782292924,1911775668,1051730428,1524193201
591,5,1033329947,1735324822,439618281,636750606
592,3,3492194249,335435828,1640549165,262978558
593,39,3654377326,128336670,290948810,990549260
594,39,3632242625,473460162,662878200,1168477946
595,42,1450071329,815967797,1191963081,100526806
596,11,2118350590,82234920,680015497,427750127
597,3,2854682644,536883747,2145294652,1527974609
598,28,4183486808,1990458158,348086043,1299551207
599,32,25582075,74705608,1205496774,1807528258
600,32,887922141,1268669020,1576350500,733710341
601,42,2877682597,1221965907,431943563,395399480
602,42,3016417274,1400447896,42061200,372435632
603,3,98958668,900776127,2031240253,243633557
604,5,4027484965,1188708731,2093598975,1651862036
605,5,1832692123,867859926,229223383,413111220
606,39,1995292431,1546198784,1265038353,546118956
607,23,1196547605,1113585958,1512794385,1105162331
608,23,1189165522,1929990091,745279885,1634494684
609,29,3576539785,1388373246,1106939915,1973906858
610,29,1842538742,1536421330,101308316,249319957
611,39,2019931162,521064618,1712852342,193509582
612,12,4159740050,1788716524,1474056403,832760257
613,12,1680698345,200305700,1030514945,212264212
614,11,3634568138,749848594,991067404,2097411324
615,29,4222002234,1979432504,1861105942,1695850687
616,42,1875395772,911093902,350877769,96630370
617,39,2998280734,1880011597,164030671,286790430
618,42,240608778,1495652736,951811948,727628338
619,3,4052076688,1732317754,1300087524,2108558635
620,23,2656861755,1402178389,1842901111,246340815
621,5,708379718,505184329,1151125349,880274080
622,39,263382113,134460557,1128952145,23655703
623,39,856944301,349821139,613114127,918113336
624,28,1007347582,1560000622,693042673,410484861
625,39,809647898,1988807070,1710103253,808409466
626,32,72101875,978847492,1708430145,1309500655
627,3,2187792942,646112258,1087288122,2011907114
628,29,3977166833,76999714,244774219,984708055
629,32,1389424848,1116426953,761818873,858001319
630,28,3624889069,1685909354,100444089,460725324
631,32,3395718262,1701978641,1772550177,1177212926
632,5,24593529,77876189,309873359,525205851
633,3,2761089022,517381698,2000654488,735821773
634,12,515365071,1216953478,305668139,1974665529
635,5,3324959612,1157740763,1603197727,1434843227
636,28,1263483050,1521077514,1983366083,1834323099
637,29,4050618998,1513420762,74876744,789859576
638,32,3624481056,65260950,1380212498,719144073
639,12,833436145,2011507786,1028210652,1173814872
640,39,3861734333,988851067,1183219936,693975416
641,11,15689963,1976414895,303623436,864722115
642,32,2053086005,360611637,1632663953,628249249
643,12,1367221163,1465851041,38038140,1878912343
644,39,1829452340,811873595,484155563,1381251702
645,29,1253878501,1473592310,868561708,657437381
646,23,1609868045,1407356990,977639615,1597750209
647,39,2502945819,1622536808,1002808009,1171335887
648,23,1211567969,1240112763,1289979531,1222886593
649,23,410353493,1078589946,238444979,464474035
650,28,3943746336,836910598,1184265498,1115297695
651,39,4152288197,81899979,1076743635,569298681
652,5,43301739,1696147450,258554665,490191465
653,12,3144971013,825337322,1329124026,568602641
654,32,886013161,1209459922,1869005487,1163871392
655,42,2731755118,1815455757,338426415,178485303
656,28,3071710416,136018533,689069491,949735644
657,42,1240834208,1710653226,830815903,334696433
658,12,499364266,1849258999,1231123848,279857817
659,29,1076237818,820752021,49388677,817829164
660,39,2946152275,1388153308,517651116,573108018
661,5,3178896732,1185891006,1021115254,401097516
662,42,3251209851,112620167,152737155,1318165595
663,23,74141726,692139189,923239037,301559705
664,28,3681472164,1669709742,1014482853,1337201860
665,29,4152825986,181637218,1593898101,1423232039
666,5,106229931,257337259,751909,1886027382
667,32,1367293936,953377054,296609130,408531551
668,32,2777740468,1543132426,543529293,1812958168
669,3,4113529121,1079957781,2078435836,46546031
670,5,4184772866,1071825873,702826571,1245001399
671,11,810375312,1947257781,852362282,1189264332
672,32,2545192508,1807771175,1027751725,1496712502
673,39,518383421,176550883,1611005715,1907121675
674,32,1142286303,1181987328,550138178,1135016092
675,11,2151105999,249405974,182153832,2050126126
676,23,1322609736,550321303,391550983,1176776203
677,32,1373972747,248399139,215932548,17315856
678,11,2300563264,886613396,1691794980,261238078
679,23,3068589023,1830715230,1008165746,1716808458
680,11,331314572,813351663,287017706,309459983
681,29,3225180077,644056155,1974159814,981156518
682,32,53385403,1014662861,1676345512,262518410
683,5,1808589824,1532927326,705334971,687413502
684,39,540861209,749038365,1045929091,171487473
685,5,2302146596,1963776276,1708743699,1300067802
686,12,976804200,1349737181,670458068,1870913600
687,11,3177694342,917095166,207229140,2127553297
688,32,402456994,1123670402,41839439,2105684399
689,28,2945252617,1911500775,1259306505,657098542
690,11,4085717381,225255522,834510199,49982132
691,28,1168315706,1704928585,1131056185,1779322779
692,32,2755837111,2089861879,1977927586,605922339
693,11,4058734324,1360409752,19494536,28205545
694,5,2077829975,675407126,77387522,416250383
695,23,2939869732,444052258,1618071816,1726927359
696,32,2623783,1881126372,354163734,1112723041
697,32,1661968506,1729626002,234299584,1823082082
698,12,3316930723,887104271,271492794,475791776
699,23,1484431302,1404683872,2106029511,1979912162
700,5,4275418084,1265050851,1673568213,957032004
701,39,2431658283,1583294408,215768877,475376599
702,39,2216496374,271806801,865384950,258376273
703,12,3435526372,53144812,849840817,914165255
704,32,252642007,1594252634,1971156034,1376631513
705,11,3513662584,850539423,897111964,958469436
706,23,4026499956,820091720,1396505888,1404006234
707,42,855997603,778588772,831303221,371352803
708,39,3198328817,1165414769,1947989310,1371295096
709,5,3930882947,856000819,2107305915,1271092559
710,5,2315527796,1555357299,1389244267,1020451414
711,11,709778603,53512572,1498428835,1474623411
712,12,3245888666,279926401,485820696,1066332020
713,11,712379166,54600321,1288527521,1183117680
714,5,3575385998,149322455,155029135,1178392726
715,3,3244828283,239062294,2130862400,273920834
716,28,2024464864,1392263135,235582443,1064373863
717,28,2723818542,1061640113,569167152,1841885458
718,29,2725723654,1514932070,319322363,1510235165
719,42,1912030590,1970109646,1950015309,654810096
720,28,2166007111,347835533,1908213334,462451612
721,42,3370098225,1053679451,459404748,1912625559
722,39,3463432303,1423601884,331102331,1062864252
723,29,2392360881,353136802,453854953,1334210533
724,23,3842790371,172795597,1425409233,1940728509
725,3,2263599799,1971788192,2046599863,363289166
726,29,1683533275,1339449976,394666473,555741377
727,3,507809803,850755082,614429254,1526890669
728,39,2365864461,897726768,1488524977,1045723460
729,28,2278105476,117943507,346024767,325430446
730,3,563197626,2088565786,1770413933,658376736
731,23,2505209897,156674764,815981883,1878845025
732,3,4217816236,1424615207,283163074,1164722173
733,3,2657052020,1168386550,480847367,874574024
734,29,3036494784,1207910150,1445367307,957593784
735,3,1721074858,2101390216,1978043491,24557493
736,23,3773187753,982483913,619916900,1265691399
737,28,439437457,1238731111,701549220,23717124
738,28,804378937,1771121860,1957026674,811345248
739,23,4235280963,1294851632,1865730958,1589778838
740,23,3709115607,1803312781,2040145182,1662364559
741,3,3508088722,165000231,1204442717,246439493
742,28,1332158714,2080614490,782445579,652586349
743,28,3861398512,1982443071,85785197,1302244900
744,12,1657908341,950101939,1818302160,65400350
745,23,4217992752,1718200524,623084368,1681379244
746,32,3794861533,1090118401,1984800845,645221092
747,12,371004262,741206116,1820438297,411537001
748,32,2491616356,697449917,1067146006,824995270
749,23,3824128880,83221866,776292531,523276378
750,42,559506545,722188397,769778272,1245258492
751,23,2931872467,1379322337,5662413,612315680
752,32,3997975046,11334327,1697781415,612731342
753,42,1014272203,897173572,1605868636,457231862
754,28,3534714138,331033301,1010413380,8009038
755,12,1800298269,1669393125,1535692523,222006850
756,23,1883471591,1106968907,684654101,1264980701
757,29,1893735659,2050729600,723468046,1356257319
758,5,2992992735,1825456005,817016856,368430743
759,32,2810678082,4690997,1109142710,1772178863
760,28,3821366644,884551722,1171671954,1745644674
761,23,455048067,1183920411,802939099,1525866497
762,32,3886969254,1120110159,790175925,1541330643
763,23,715227283,535011877,1758623918,583504662
764,23,597397262,1962911563,674928215,1131933024
765,23,2014208392,1527429190,1489402617,318244487
766,39,646064583,887322621,1599030297,45154820
767,5,3633295928,2080854427,561074695,1873108370
768,42,356531335,465961377,1668804467,535491720
769,23,2258788483,54395524,991210995,342510116
770,32,3055289833,615693315,1773851058,183793234
771,12,2507787295,32063811,284404081,1549454000
772,23,1895191740,2116678589,532001235,1061710800
773,11,675484396,1172438069,184453712,702993170
774,23,2306684454,1657005474,1781616971,1736775658
775,28,1996783042,1362694430,1877310193,1203772368
776,29,2553425981,1134349801,1571572311,1068027634
777,28,3414269007,828719795,1649617061,419437654
778,23,2129102819,509832511,300503180,514886952
779,3,1302573585,1182493577,1335659215,329221466
780,11,2875856350,1170903552,2072793854,1252487783
781,29,3062439707,1480328633,1678261451,2014884151
782,29,2298796710,790975736,1193289525,485700309
783,32,1417954084,1697728526,31818592,1138819559
784,12,440693584,52704943,1692095526,435840599
785,23,3649800360,1768345532,902929673,1511347743
786,28,953475763,757307341,692169150,1670935081
787,28,3038794743,1031939376,1006139204,2097692764
788,3,2081677485,1478396840,1673442178,1587760549
789,5,1093932647,175148731,758688456,2139108742
790,3,2158645414,1502373913,1503048291,1074948805
791,29,1525809461,1899743080,420895344,1719272232
792,32,2697575414,934279325,921285612,1720409414
793,3,105065378,1407066082,957881637,778113083
794,11,598986459,155342692,1348158179,488823216
795,12,4247924304,850360061,191614067,1723012480
796,32,1410573038,1774976788,276431611,344902604
797,3,3458820578,253951729,2140928976,1399889438
798,5,1582269640,1154206635,1609884859,1136579652
799,39,3281390986,2120526488,1626155282,744728255
800,3,793438541,163712262,1981442482,1617919360
801,23,3772612305,2122228140,1533002698,1073234754
802,28,337640277,76953672,2060136470,1790355415
803,23,3079466753,1182715593,1395943161,1642927281
804,39,2234805449,1558831153,2025360911,1840452168
805,29,559761527,564174570,157142981,217699332
806,3,1865031614,1509362676,1306289180,1453902108
807,5,3026106373,203055003,1186676698,1351240688
808,11,1460390274,2024504938,1074145526,81169749
809,5,4676955,520088788,1182406259,1343359710
810,42,2404182413,1358017839,2031996866,1507933252
811,3,3307871787,1806941083,1636479723,1169149256
812,23,3676736441,1560761243,1323046374,1308580318
813,28,1431654346,964976697,1063425908,1302585256
814,11,861617409,926813829,1248046205,1384342375
815,28,4139870919,513407191,1097543016,1829401760
816,29,3311065255,619858663,1136700557,50747156
817,28,621196546,1477078947,1900296830,261954199
818,32,3915750699,1520578751,2696967,237452005
819,28,1042827198,1602093560,1746010896,1475738070
820,11,2191256447,1263437535,760540048,1201578699
821,29,4139549025,1202272197,469368846,1243779793
822,42,1065415303,1543392356,412824987,453130879
823,32,924979323,184101284,1302364748,1389882743
824,12,1346061275,13956677,326194867,1908515067
825,5,2592888104,86416548,1774688963,147940201
826,11,1248599270,331680382,1859335147,564523916
827,5,3641435534,340517075,664403617,174974700
828,11,2059383023,409104681,82053590,1517437344
829,39,286879655,1489976876,1335045693,513704511
830,29,3892241035,449533095,465079026,514610872
831,29,662117763,1143856903,1983167876,1783615664
832,3,672582510,1003823552,1762916895,775843986
833,23,2234208506,679704379,504477542,1357331954
834,11,872552776,1731207985,1685225052,393476176
835,28,2123158557,1718391322,1110634345,1601721351
836,5,1499437417,1918329513,111103509,556277200
837,29,1039638025,1153702030,658158190,1192412815
838,12,3581722486,1252734857,2092141768,461200610
839,23,3195981604,706013241,1921728259,37106202
840,5,4197130531,108906809,1534589314,1289614384
841,39,1143508903,2082109294,2140114670,2086737555
842,42,2851867217,1316872209,11531138,1856750227
843,11,4032134928,455300986,18435925,170450969
844,28,338784610,244479528,1505654392,520687170
845,5,1019831779,978265602,1423076261,1168929791
846,3,146696434,1715732231,689469988,447657996
847,11,1708444585,1065674249,1178320249,878900593
848,12,2150043826,1963414821,2033786425,1149533392
849,42,2950092565,1832012069,1847986827,401393626
850,29,1456092865,1144753065,1252753495,132352390
851,5,1201403113,1402672450,966954034,561916708
852,32,1965203394,1039545820,1309504010,1972297042
853,5,1644693973,1604017810,1223353130,44095954
854,5,3820042560,161094970,1141838030,1126176967
855,12,1997288279,665771248,356883358,524481262
856,12,2150619354,807688004,629234874,107273656
857,28,486716467,643332622,1950669492,1415912670
858,23,1586611932,141585613,806720597,555887064
859,3,4058889858,528020973,2038356225,455951103
860,32,2266879963,1703205626,1190300343,807524255
861,3,3437062779,904810152,2075312922,593934970
862,39,1794026848,1882060038,233539178,1939675306
863,28,1344326299,1995019817,1753354461,858158719
864,23,423553845,191456730,1800758511,1305504200
865,28,50231355,1748904407,276535161,1617141629
866,23,3400224737,2034932378,166036714,1639070413
867,12,2580215888,1509917544,142987939,2025329401
868,39,899033047,1351733624,260451298,165067017
869,3,2047540764,1588402133,74169694,304958307
870,39,500672631,1105220426,1457386484,558229619
871,11,2942513018,1635797252,2087943655,2038084431
872,11,1788138610,1739302396,1465681118,1534757111
873,29,603755265,668362854,155247498,1329406111
874,11,4014868586,99090050,2015613839,492016145
875,12,168203374,1651460064,984349482,1584612009
876,11,2694035008,1774382731,688958126,1323761795
877,23,380627204,372339879,77084696,745244329
878,12,3306175065,1306833493,2030155842,778656001
879,29,3189986942,526794265,2130893332,891915898
880,32,3414755198,1276353590,61378640,557643921
881,29,1923213707,1771152636,1848117069,865735524
882,23,1434176655,1280671665,526265216,123083445
883,5,1724805150,390680586,2035807332,1281080134
884,12,2614924863,1080619769,98496409,554652136
885,3,3483086589,1668627619,2043986126,560272514
886,32,1872974160,931298062,2105859171,1808144215
887,23,1546601077,1489305054,1963336475,1107690993
888,32,3149493862,1721627221,1060160184,1384172489
889,12,653982658,83018341,1600983546,1538873456
890,23,2175595959,1225198044,2104524646,1702198042
891,12,3212853197,2082692606,1303692213,1749452691
892,42,257873869,1099805385,966428107,398372398
893,32,1014561930,437919972,343021850,691350477
894,28,4180587567,1058903870,345245625,1712507032
895,28,724741999,1867006458,41890380,2098046813
896,23,670769885,1852900161,1559314055,1761013600
897,39,1774160952,87601127,1003408480,1641777004
898,5,3124023969,1395763438,677722853,673876951
899,11,2449723024,2115620113,1095734608,231892402
900,23,3698596602,139510586,604298301,1625181659
901,23,1677085787,523599378,848820682,891017127
902,32,3617409184,774753526,466518925,731299104
903,32,654692702,2009864906,488518239,821857588
904,5,2016110997,2144859593,1026868774,1226955758
905,12,2138344446,1460494580,2078337995,1777037374
906,11,275640116,1763219837,856446030,865578004
907,11,1529891202,408543413,1242782648,1662400392
908,5,3962119063,1849410944,1672700140,802157116
909,29,981025068,1576778422,861491419,771529514
910,3,3119940600,1738354445,1761743606,644913854
911,12,1293870597,428891566,972057229,571549320
912,12,2164688847,97416866,1995618297,1324846697
913,28,1272010660,1172955146,50553185,1082147247
914,32,3645561764,1068894432,1988977801,1326281844
915,23,3992061588,1061789592,773694456,1747030368
916,42,3963858628,1659964980,857236676,1771511765
917,12,67642966,59552704,1611934902,927381894
918,23,4194623495,2115481506,1304478276,2023517454
919,3,1965256854,378893280,1196586762,939534656
920,12,1137739857,592775246,368901455,680047946
921,39,2587082643,697788730,1749361236,1015016274
922,29,3764371686,1804278239,71772121,445420614
923,28,3888765063,737856819,376252874,1635762379
924,42,319042855,622630909,550146218,1598717206
925,28,1586817059,16058643,1222576753,727988057
926,11,3357032739,176270071,257616615,2068687538
927,32,2723202301,700612016,1219808107,1962651515
928,32,175881538,430667234,214630581,1842314666
929,32,65870609,2000055519,972839973,1659395306
930,5,2731767555,156104427,1634007520,145635214
