66.0077866911888123
89.2127449810504913
392.1150646805763245
152.8519687354564667
44.4019427001476288
27.2067789137363434
49.8922483026981354
297.6063553988933563
172.7969410717487335
107.2686370611190796
28.7804032266139984
123.0375480949878693
23.6569882929325104
156.3604602515697479
12.6951057314872742
37.3063802421092987
449.4360988140106201
36.7827007770538330
19.3426913321018219
84.4259644150733948
49.7310689687728882
219.9555764198303223
39.8035150766372681
76.2365810871124268
6.7839109897613525
702.8740279674530029
258.9608592391014099
293.6991711556911469
94.1654013991355896
245.7851371467113495
296.2932470738887787
272.7646407485008240
436.2606240212917328
336.2442027032375336
271.4313380718231201
173.8077310025691986
249.6981777250766754
23.6669578254222870
37.3063802421092987
443.6737568974494934
39.8035150766372681
181.4444291889667511
665.6774173974990845
1011.1101673543453217
328.5051923990249634
92.3105183243751526
601.3961291611194611
431.6146922409534454
491.4515963792800903
107.4604665935039520
79.5134766399860382
661.0820224881172180
35.0576774775981903
85.7159442007541656
43.3594856262207031
100.4861951172351837
195.6382614672183990
67.8625728785991669
192.2961406409740448
64.2670524716377258
167.4845236241817474
94.5477958023548126
822.6727008521556854
473.4463474154472351
158.3905269801616669
376.4713689982891083
748.9670099318027496
431.6146922409534454
162.4291146695613861
36.2751320004463196
111.9622837305068970
22.9643493592739105
140.1319026350975037
195.7087360620498657
165.8951380848884583
535.3821428716182709
510.3345326781272888
52.5760440528392792
94.5659323930740356
37.9322843551635742
744.6183880865573883
98.2649110555648804
38.6424047052860260
787.9857007563114166
657.5757924914360046
91.1171301007270813
61.8619284629821777
661.0820224881172180
222.9329298436641693
132.5017212331295013
449.4360988140106201
42.0460307300090790
12.9699366986751556
42.0460307300090790
497.4882667362689972
41.9350004196166992
51.9481760859489441
47.1513959169387817
86.7323426604270935
122.9031325578689575
35.0576774775981903
416.4649240672588348
38.8846591413021088
100.4602186083793640
78.6990542113780975
92.3105183243751526
166.6871742904186249
81.6295568943023682
104.7991487681865692
828.6342958509922028
903.2560532391071320
39.3502791523933411
145.5989237427711487
43.4319765865802765
