65.6046827137470245
31.0824801027774811
9.9075650572776794
20.3601692020893097
38.2358934581279755
381.4236840903759003
207.1308695673942566
29.5613033175468445
18.8329018652439117
52.9611551761627197
371.1444898843765259
3.0194107592105865
163.8922320008277893
141.5972422063350677
29.8831550478935242
155.6568039953708649
137.9547220170497894
15.2417995035648346
187.0085279345512390
0.8666450977325439
0.8666450977325439
25.9801763296127319
243.0393536686897278
78.6765900850296021
29.1788761913776398
219.6775194704532623
141.2663396596908569
35.3360903561115265
65.5656366646289825
40.6018155217170715
391.6806541681289673
31.6593602001667023
375.2063691020011902
8.0507900118827820
122.0853877365589142
25.6597908735275269
753.2611258327960968
20.8331715464591980
17.7070505917072296
147.8886116445064545
65.6046827137470245
163.0599119663238525
289.9163125753402710
497.7608369886875153
634.5958528518676758
338.9653455913066864
274.1235054433345795
371.1444898843765259
183.5820861458778381
241.5924933254718781
143.4320493936538696
872.8014343082904816
1052.6584096252918243
29.1788761913776398
31.6593602001667023
173.4013300836086273
688.4068689644336700
859.4051494002342224
325.4598754644393921
76.7434432804584503
780.6148912608623505
105.0536707937717438
483.3317462801933289
554.6422928571701050
85.2043683528900146
79.7736165225505829
510.8685607910156250
52.5980458259582520
118.4691384136676788
71.9369556009769440
97.6878752112388611
257.3962194323539734
104.6958134174346924
58.2688013911247253
220.4776732027530670
68.8686217665672302
185.2007982432842255
577.8405029773712158
52.9098561406135559
158.1400861740112305
689.1592769324779510
841.3390149772167206
33.5997301936149597
483.3317462801933289
157.0466934144496918
32.0679770708084106
114.5679970979690552
35.0476869940757751
162.4512985944747925
194.4364847540855408
173.7267729043960571
549.6804599761962891
543.2784150540828705
50.1356364488601685
101.6934403479099274
34.8298521041870117
780.7323466539382935
103.8722247481346130
33.7825970053672791
1079.8742663860321045
666.8889240324497223
219.6775194704532623
75.9939577579498291
53.1159128844738007
84.7821876108646393
510.8685607910156250
165.3185062110424042
130.7215224206447601
65.6670621037483215
24.6969538927078247
95.4895124137401581
17.6440922617912292
174.6250634491443634
603.4490275681018829
105.0713338553905487
32.1147119700908661
57.2943958342075348
57.3855214715003967
32.1728530824184418
109.3871531784534454
152.2944735884666443
52.5980458259582520
70.1773523092269897
38.2358934581279755
75.3568393588066101
76.7434432804584503
139.2892672717571259
9.9075650572776794
65.7569516301155090
164.6362360119819641
28.6449130177497864
3159.1275250315666199
3165.0715607404708862
5609.0797076523303986
5587.4127617180347443
